5361776173030112
4716507617089371
4916649311653819
5252676281611047
5553420530134972
4916923475767255
4539030216804558
4556373949731120
4485440083950471
5262040168703377
5563048075865375
4916005978306037
4539798575784849
5247878343954583
4929560214386180
4485903318884823
5447245105228093
5108959916094425
4485661434470790
5205945285013270
5563365653628490
4929238356457255
4916591422077142
5311109305077697
5328229744350249
5417060969669225
4556294446428723
5160284433036196
4556514816485189
4532201804607680
4929340320920135
4929541513078462
4929819828364094
5558787616222631
5133642054679434
4485086037424210
5152575079548703
5366106415199274
4556242843267418
4539448051513623
5140056548977778
5109797776188419
4556250473491935
5202560516123518
5315392183280239
5110907357427071
4532979724271956
5224389745594578
5299215694985980
4916889803779272
5120640008596550
4532926976088356
4716361160485598
5165504802141763
5394486967154604
5305076515597129
4485148096948586
4485502648700590
4539504017811079
5510313225487528
4716992507328347
4532133458016019
4929675437871287
5476820117083522
4716321514777702
5521523793781253
4485867211523657
5467754842083872
5236367995425582
5296051611799920
5319792116222883
5155542077837311
5476076108609490
4532104015288490
5275492619765304
4556444688956150
5232445861555254
4532532117322702
5434190636150546
4532233154547273
5248724347211720
5281729377816783
4539167572346780
5580872040984477
5361377393495878
5367847649131372
5525440435149862
5289636972277174
5454580480957001
5405201727183117
5433807878020506
5203940282915132
4485373880082687
4716530286103760
4539399859177030
4929143400687628
4532199599765517
5442371636458242
5583375264294489
5383440418568055
4556673809366457
5205625041386844
4532865457642382
4716699031536911
4916680274432479
5321384832615750
4929634564845523
5192924314416148
5463537230219073
4556817794434008
5266908845423799
4916374101251225
4716357149208333
5573337375826429
4716236007955369
4916925975404479
4485838138076988
4532439390671716
5305214388214502
4716883863292484
4716209879657645
4716160092684074
4916530196169826
4916741083994289
5223975003355289
5271089432102329
4485131043024081
5421704457118278
4556431835351252
4556254559059665
4916325281817425
4916175329381268
5176302152602378
5517211237615909
5197243756228696
5404394374321006
4929949868885144
4539410652724132
4556489825147908
5145146456831987
4929103494247648
4556510113324477
5262172113890304
5495065417858739
5417525505991259
4532340736879775
4532754720929562
4556638105108077
5216055937748328
4716607296230625
4532957717745111
5590772256555847
4716266682362193
4916223635038683
4929691865233700
4916874755200550
4532164352498177
5191751877602660
4929377060587294
5494020142971266
5406695976545729
4485879643229415
5285238039536975
5479272327515967
4532947910378117
5586964567001027
5509221749329832
5120743962593900
5530232446723345
5359024684125640
5467331376548271
4539673794450144
5531114623910698
5305547126807156
5446085989931797
5105419010109291
4929312640722913
4485379790959310
5581829399368255
5172761870098603
4916532791384594
5108178487782942
5336470476122014
5439313859363738
4485530637718505
5299550589228124
5216756489189098
5108877514350637
5217979174774003
5130623318157352
4485260156362150
5105427640281224
5178417989437224
5437505968318766
4916554183711481
4916106769699646
4556347624084195
4916750659553072
4929708941648584
4539075308268188
